id,img_name,source,anger,disgust,fear,joy,neutral,sadness,surprise
001_faceplusplus,001,faceplusplus,0.0,0.0,0.0,0.0,99.192,0.808,0.0
002_faceplusplus,002,faceplusplus,0.0,0.0,0.0,0.0,99.254,0.745,0.001
003_faceplusplus,003,faceplusplus,0.0,0.0,0.0,0.0,99.531,0.465,0.003
004_faceplusplus,004,faceplusplus,0.0,0.0,0.0,0.001,99.787,0.21,0.002
005_faceplusplus,005,faceplusplus,0.0,0.0,0.001,0.002,98.908,1.079,0.01
006_faceplusplus,006,faceplusplus,0.0,0.0,0.0,0.0,99.443,0.547,0.009
007_faceplusplus,007,faceplusplus,0.0,0.0,0.0,0.0,99.995,0.004,0.0
008_faceplusplus,008,faceplusplus,0.0,0.0,0.0,0.002,98.932,1.054,0.012
009_faceplusplus,009,faceplusplus,0.0,0.0,0.0,0.001,97.904,2.094,0.001
010_faceplusplus,010,faceplusplus,0.0,0.0,0.0,0.0,99.997,0.003,0.0
011_faceplusplus,011,faceplusplus,0.0,0.0,0.0,0.0,99.999,0.0,0.0
012_faceplusplus,012,faceplusplus,0.001,0.001,0.006,0.082,75.418,24.486,0.006
013_faceplusplus,013,faceplusplus,0.0,0.0,0.0,0.023,97.655,2.32,0.0
014_faceplusplus,014,faceplusplus,0.002,0.002,0.062,0.107,70.44,29.386,0.002
015_faceplusplus,015,faceplusplus,0.001,0.001,0.069,0.142,99.536,0.247,0.005
016_faceplusplus,016,faceplusplus,0.006,0.006,0.159,0.907,98.388,0.459,0.076
017_faceplusplus,017,faceplusplus,0.002,0.08,0.018,0.169,98.712,0.987,0.031
018_faceplusplus,018,faceplusplus,0.003,0.029,0.313,0.915,98.033,0.703,0.003
019_faceplusplus,019,faceplusplus,0.002,0.002,0.258,0.013,92.77,6.925,0.029
020_faceplusplus,020,faceplusplus,0.004,0.591,0.06,0.846,97.204,1.29,0.004
021_faceplusplus,021,faceplusplus,0.129,0.041,0.327,57.822,37.164,4.478,0.041
022_faceplusplus,022,faceplusplus,2.206,0.039,0.045,55.713,36.768,5.189,0.039
023_faceplusplus,023,faceplusplus,0.021,2.264,3.98,65.056,0.085,28.571,0.021
024_faceplusplus,024,faceplusplus,0.016,0.149,0.109,95.413,0.53,3.768,0.016
025_faceplusplus,025,faceplusplus,0.013,0.415,2.671,95.391,0.037,1.461,0.013
026_faceplusplus,026,faceplusplus,0.002,0.004,0.167,99.814,0.002,0.009,0.002
027_faceplusplus,027,faceplusplus,0.2,0.003,0.05,99.143,0.003,0.598,0.003
028_faceplusplus,028,faceplusplus,0.096,0.007,0.007,98.601,0.016,1.265,0.007
029_faceplusplus,029,faceplusplus,0.022,0.151,0.253,94.655,0.051,4.846,0.022
030_faceplusplus,030,faceplusplus,0.017,0.615,5.234,92.63,0.042,1.445,0.017
031_faceplusplus,031,faceplusplus,0.004,0.004,10.147,89.491,0.015,0.334,0.004
032_faceplusplus,032,faceplusplus,0.297,0.004,0.157,99.284,0.207,0.046,0.004
033_faceplusplus,033,faceplusplus,0.002,0.002,0.093,99.711,0.164,0.025,0.002
034_faceplusplus,034,faceplusplus,0.016,5.312,23.696,66.942,0.018,3.999,0.016
035_faceplusplus,035,faceplusplus,0.009,2.178,0.178,96.092,0.009,1.523,0.009
036_faceplusplus,036,faceplusplus,0.004,0.01,3.526,86.888,0.004,9.565,0.004
037_faceplusplus,037,faceplusplus,0.003,0.475,2.677,96.797,0.003,0.042,0.003
038_faceplusplus,038,faceplusplus,0.001,0.001,0.008,99.935,0.039,0.013,0.001
039_faceplusplus,039,faceplusplus,0.036,0.006,0.017,99.459,0.012,0.462,0.007
040_faceplusplus,040,faceplusplus,0.004,0.084,2.15,97.71,0.039,0.004,0.009
041_faceplusplus,041,faceplusplus,0.016,0.005,0.013,96.865,0.22,2.876,0.005
042_faceplusplus,042,faceplusplus,0.142,0.04,0.838,71.717,0.335,26.888,0.04
043_faceplusplus,043,faceplusplus,0.047,0.001,0.002,99.89,0.009,0.05,0.001
044_faceplusplus,044,faceplusplus,0.219,0.007,0.106,97.491,1.035,1.135,0.007
045_faceplusplus,045,faceplusplus,0.081,0.002,0.06,99.373,0.109,0.373,0.002
046_faceplusplus,046,faceplusplus,0.01,0.01,1.098,98.516,0.123,0.234,0.01
047_faceplusplus,047,faceplusplus,0.052,0.005,0.064,99.394,0.417,0.064,0.005
048_faceplusplus,048,faceplusplus,0.063,0.015,4.523,94.848,0.198,0.338,0.015
049_faceplusplus,049,faceplusplus,0.017,0.027,3.025,96.561,0.296,0.056,0.017
050_faceplusplus,050,faceplusplus,0.001,0.0,0.001,99.994,0.004,0.0,0.001
051_faceplusplus,051,faceplusplus,0.003,0.002,0.029,99.527,0.313,0.123,0.002
052_faceplusplus,052,faceplusplus,2.742,0.009,0.632,96.111,0.382,0.115,0.009
053_faceplusplus,053,faceplusplus,0.144,0.009,1.34,97.737,0.316,0.445,0.009
054_faceplusplus,054,faceplusplus,0.002,0.188,92.651,6.871,0.283,0.002,0.002
055_faceplusplus,055,faceplusplus,0.012,0.116,36.129,59.809,3.898,0.025,0.012
056_faceplusplus,056,faceplusplus,0.025,5.134,0.576,87.735,6.463,0.042,0.025
057_faceplusplus,057,faceplusplus,0.047,0.496,12.62,78.126,4.531,4.134,0.047
058_faceplusplus,058,faceplusplus,0.024,0.031,4.01,22.056,73.464,0.392,0.024
059_faceplusplus,059,faceplusplus,0.002,0.024,2.31,0.258,97.347,0.054,0.004
060_faceplusplus,060,faceplusplus,0.088,2.198,8.184,17.409,45.273,26.759,0.088
061_faceplusplus,061,faceplusplus,0.002,0.002,0.467,3.637,95.708,0.182,0.002
062_faceplusplus,062,faceplusplus,0.0,0.0,0.0,0.087,99.911,0.002,0.0
063_faceplusplus,063,faceplusplus,0.0,0.0,0.007,0.189,99.802,0.002,0.0
064_faceplusplus,064,faceplusplus,0.0,0.0,0.003,0.152,99.841,0.003,0.0
065_faceplusplus,065,faceplusplus,0.003,0.003,0.78,1.372,89.121,8.717,0.004
066_faceplusplus,066,faceplusplus,0.0,0.0,0.0,0.024,99.639,0.337,0.0
067_faceplusplus,067,faceplusplus,0.0,0.0,0.0,0.015,99.971,0.014,0.0
068_faceplusplus,068,faceplusplus,0.0,0.0,0.0,0.004,99.987,0.009,0.0
069_faceplusplus,069,faceplusplus,0.0,0.0,0.0,0.002,99.924,0.074,0.0
070_faceplusplus,070,faceplusplus,0.0,0.0,0.0,0.053,99.829,0.117,0.0
071_faceplusplus,071,faceplusplus,0.0,0.0,0.0,0.011,99.846,0.143,0.0
072_faceplusplus,072,faceplusplus,0.0,0.0,0.0,0.025,95.291,4.681,0.001
073_faceplusplus,073,faceplusplus,0.0,0.0,0.0,0.002,99.967,0.03,0.0
074_faceplusplus,074,faceplusplus,0.0,0.0,0.0,0.001,80.364,19.633,0.001
075_faceplusplus,075,faceplusplus,0.002,0.002,0.002,0.047,99.563,0.295,0.089
076_faceplusplus,076,faceplusplus,0.02,0.02,0.02,0.169,88.047,1.502,10.223
077_faceplusplus,077,faceplusplus,0.004,0.004,0.015,0.004,1.707,0.353,97.912
078_faceplusplus,078,faceplusplus,0.0,0.0,0.0,0.0,0.009,0.0,99.99
079_faceplusplus,079,faceplusplus,0.0,0.0,0.0,0.0,0.007,0.0,99.992
080_faceplusplus,080,faceplusplus,0.0,0.0,0.0,0.0,0.0,0.0,100.0
081_faceplusplus,081,faceplusplus,0.0,0.0,0.0,0.0,0.0,0.0,100.0
082_faceplusplus,082,faceplusplus,0.0,0.0,0.0,0.0,0.0,0.001,99.999
083_faceplusplus,083,faceplusplus,0.0,0.0,0.0,0.0,0.0,0.0,100.0
084_faceplusplus,084,faceplusplus,0.0,0.0,0.0,0.0,0.0,0.0,100.0
085_faceplusplus,085,faceplusplus,0.0,0.001,0.0,0.0,0.0,0.0,99.999
086_faceplusplus,086,faceplusplus,0.0,0.0,0.0,0.0,0.0,0.0,100.0
087_faceplusplus,087,faceplusplus,0.0,0.0,0.0,0.0,0.001,0.0,99.999
088_faceplusplus,088,faceplusplus,0.0,0.0,0.0,0.0,0.0,0.0,100.0
089_faceplusplus,089,faceplusplus,0.0,0.0,0.0,0.0,0.009,0.0,99.991
090_faceplusplus,090,faceplusplus,0.0,0.0,0.0,0.0,0.001,0.0,99.999
091_faceplusplus,091,faceplusplus,0.0,0.0,0.0,0.0,0.0,0.0,100.0
092_faceplusplus,092,faceplusplus,0.0,0.0,0.0,0.0,0.0,0.001,99.998
093_faceplusplus,093,faceplusplus,0.0,0.0,0.0,0.0,0.0,0.0,100.0
094_faceplusplus,094,faceplusplus,0.0,0.0,0.0,0.0,0.001,0.0,99.999
095_faceplusplus,095,faceplusplus,0.0,0.0,0.0,0.003,0.0,0.0,99.996
096_faceplusplus,096,faceplusplus,0.0,0.0,0.0,0.0,0.0,0.0,100.0
097_faceplusplus,097,faceplusplus,0.0,0.0,0.0,0.008,0.011,0.006,99.975
098_faceplusplus,098,faceplusplus,0.0,0.0,0.0,0.001,0.003,0.001,99.995
099_faceplusplus,099,faceplusplus,0.0,0.0,0.0,0.0,0.002,0.0,99.998
100_faceplusplus,100,faceplusplus,0.0,0.0,0.0,0.022,0.004,0.0,99.974
101_faceplusplus,101,faceplusplus,0.0,0.0,0.0,0.0,0.0,0.0,100.0
102_faceplusplus,102,faceplusplus,0.0,0.0,0.0,0.001,0.0,0.0,99.999
103_faceplusplus,103,faceplusplus,0.001,0.001,0.001,0.148,0.036,0.009,99.804
104_faceplusplus,104,faceplusplus,0.001,0.001,0.001,0.022,0.018,0.003,99.953
105_faceplusplus,105,faceplusplus,0.0,0.0,0.0,0.016,0.001,0.002,99.98
106_faceplusplus,106,faceplusplus,0.001,0.001,0.001,0.019,0.042,0.238,99.698
107_faceplusplus,107,faceplusplus,0.003,0.003,0.003,7.028,0.402,5.09,87.471
108_faceplusplus,108,faceplusplus,0.002,0.005,0.002,1.95,0.083,0.003,97.957
109_faceplusplus,109,faceplusplus,0.001,0.001,0.001,2.218,0.038,0.006,97.733
110_faceplusplus,110,faceplusplus,0.006,0.006,0.01,0.352,13.51,0.029,86.085
111_faceplusplus,111,faceplusplus,0.003,0.003,0.003,0.23,5.545,0.103,94.112
112_faceplusplus,112,faceplusplus,0.003,0.021,0.003,0.116,94.367,0.153,5.336
113_faceplusplus,113,faceplusplus,0.0,0.0,0.0,0.025,99.903,0.013,0.06
114_faceplusplus,114,faceplusplus,0.001,0.001,0.001,0.368,99.623,0.002,0.006
115_faceplusplus,115,faceplusplus,0.0,0.0,0.0,0.064,99.934,0.0,0.001
116_faceplusplus,116,faceplusplus,0.0,0.0,0.0,0.124,99.865,0.008,0.002
117_faceplusplus,117,faceplusplus,0.0,0.004,0.0,0.503,99.491,0.0,0.001
118_faceplusplus,118,faceplusplus,0.0,0.0,0.0,0.037,99.945,0.016,0.001
119_faceplusplus,119,faceplusplus,0.001,0.001,0.001,3.006,96.965,0.025,0.001
120_faceplusplus,120,faceplusplus,0.0,0.001,0.0,0.054,99.937,0.007,0.002
121_faceplusplus,121,faceplusplus,0.004,0.004,0.004,5.761,93.94,0.282,0.005
122_faceplusplus,122,faceplusplus,0.0,0.003,0.0,0.235,98.641,1.12,0.0
123_faceplusplus,123,faceplusplus,0.002,0.007,0.002,0.129,57.85,41.998,0.011
124_faceplusplus,124,faceplusplus,0.0,0.001,0.0,1.866,97.885,0.246,0.0
125_faceplusplus,125,faceplusplus,0.004,0.004,0.004,2.087,40.781,57.117,0.004
126_faceplusplus,126,faceplusplus,0.001,0.001,0.001,0.227,92.448,7.322,0.001
127_faceplusplus,127,faceplusplus,0.0,0.0,0.0,0.042,99.921,0.037,0.0
128_faceplusplus,128,faceplusplus,0.008,0.059,0.008,0.493,75.469,23.949,0.015
129_faceplusplus,129,faceplusplus,0.001,0.001,0.004,0.049,99.831,0.115,0.001
130_faceplusplus,130,faceplusplus,0.0,0.0,0.0,0.377,99.592,0.006,0.025
131_faceplusplus,131,faceplusplus,0.0,0.0,0.0,0.065,99.923,0.008,0.003
132_faceplusplus,132,faceplusplus,0.002,0.002,0.006,0.223,97.761,1.977,0.027
133_faceplusplus,133,faceplusplus,0.004,0.004,0.004,1.719,96.034,2.176,0.058
134_faceplusplus,134,faceplusplus,0.0,0.001,0.0,0.021,99.709,0.267,0.001
135_faceplusplus,135,faceplusplus,0.001,0.001,0.001,0.05,99.759,0.11,0.079
136_faceplusplus,136,faceplusplus,0.0,0.0,0.0,0.151,99.769,0.08,0.0
137_faceplusplus,137,faceplusplus,0.0,0.0,0.0,0.005,99.994,0.0,0.0
138_faceplusplus,138,faceplusplus,0.0,0.0,0.0,0.013,99.977,0.007,0.002
139_faceplusplus,139,faceplusplus,0.0,0.0,0.0,0.002,99.962,0.029,0.007
140_faceplusplus,140,faceplusplus,0.002,0.002,0.002,0.171,96.813,2.968,0.042
141_faceplusplus,141,faceplusplus,0.001,0.001,0.001,0.036,72.939,27.019,0.003
142_faceplusplus,142,faceplusplus,0.002,0.002,0.005,0.008,61.076,38.905,0.002
143_faceplusplus,143,faceplusplus,0.0,0.0,0.0,0.0,97.635,2.363,0.0
144_faceplusplus,144,faceplusplus,0.0,0.0,0.0,0.0,59.07,40.929,0.0
145_faceplusplus,145,faceplusplus,0.0,0.0,0.0,0.0,13.476,86.524,0.0
146_faceplusplus,146,faceplusplus,0.0,0.0,0.0,0.0,0.019,99.981,0.0
147_faceplusplus,147,faceplusplus,0.0,0.01,0.0,0.0,2.382,97.608,0.0
148_faceplusplus,148,faceplusplus,0.0,0.043,0.0,0.008,86.198,13.75,0.0
149_faceplusplus,149,faceplusplus,0.0,0.002,0.0,0.001,3.777,96.22,0.0
150_faceplusplus,150,faceplusplus,0.001,0.837,0.001,0.001,8.038,91.122,0.001
151_faceplusplus,151,faceplusplus,0.0,0.402,0.0,0.0,0.697,98.9,0.0
152_faceplusplus,152,faceplusplus,0.0,0.015,0.0,0.0,0.121,99.864,0.0
153_faceplusplus,153,faceplusplus,0.0,0.073,0.0,0.0,0.005,99.922,0.0
154_faceplusplus,154,faceplusplus,0.0,19.51,0.005,0.0,0.398,80.082,0.005
155_faceplusplus,155,faceplusplus,0.001,5.785,0.001,0.001,9.419,84.786,0.009
156_faceplusplus,156,faceplusplus,0.011,6.008,0.237,0.011,8.892,84.796,0.045
157_faceplusplus,157,faceplusplus,0.0,0.23,0.0,0.0,5.042,94.723,0.004
158_faceplusplus,158,faceplusplus,0.001,0.599,0.011,0.001,0.339,99.049,0.001
159_faceplusplus,159,faceplusplus,0.0,8.475,0.001,0.0,2.852,88.668,0.002
160_faceplusplus,160,faceplusplus,0.0,8.797,0.001,0.0,8.477,82.723,0.002
161_faceplusplus,161,faceplusplus,0.001,3.509,0.003,0.001,95.74,0.717,0.03
162_faceplusplus,162,faceplusplus,0.0,0.56,0.003,0.0,0.919,98.515,0.003
163_faceplusplus,163,faceplusplus,0.0,0.779,0.005,0.0,2.732,96.474,0.009
164_faceplusplus,164,faceplusplus,0.004,2.117,0.082,0.004,10.933,86.708,0.152
165_faceplusplus,165,faceplusplus,0.003,9.223,0.003,0.004,67.818,22.795,0.154
166_faceplusplus,166,faceplusplus,0.006,40.935,0.243,0.006,4.226,54.562,0.021
167_faceplusplus,167,faceplusplus,0.014,6.557,0.213,0.016,45.442,47.409,0.35
168_faceplusplus,168,faceplusplus,0.006,16.829,0.197,0.006,19.224,63.609,0.129
169_faceplusplus,169,faceplusplus,0.002,0.761,0.024,0.002,1.578,97.589,0.046
170_faceplusplus,170,faceplusplus,0.003,0.003,0.024,0.015,5.131,94.801,0.023
171_faceplusplus,171,faceplusplus,0.012,0.055,0.145,0.019,27.167,72.551,0.051
172_faceplusplus,172,faceplusplus,0.009,0.009,0.048,0.009,59.107,40.414,0.405
173_faceplusplus,173,faceplusplus,0.006,6.49,0.006,0.024,45.949,47.212,0.313
174_faceplusplus,174,faceplusplus,0.001,0.015,0.001,0.006,98.934,1.036,0.007
175_faceplusplus,175,faceplusplus,0.006,0.011,0.006,0.07,24.592,74.645,0.672
176_faceplusplus,176,faceplusplus,0.001,0.002,0.001,0.002,97.752,2.224,0.018
177_faceplusplus,177,faceplusplus,0.0,0.002,0.0,0.065,99.911,0.019,0.002
178_faceplusplus,178,faceplusplus,0.002,0.017,0.002,0.031,93.146,6.733,0.071
179_faceplusplus,179,faceplusplus,0.001,0.006,0.001,0.079,97.464,2.412,0.036
180_faceplusplus,180,faceplusplus,0.0,0.0,0.0,0.066,99.405,0.514,0.015
181_faceplusplus,181,faceplusplus,0.0,0.0,0.0,0.011,99.808,0.179,0.001
182_faceplusplus,182,faceplusplus,0.001,0.004,0.001,0.129,99.19,0.67,0.005
183_faceplusplus,183,faceplusplus,0.0,0.002,0.0,0.051,99.939,0.008,0.0
184_faceplusplus,184,faceplusplus,0.0,0.0,0.0,0.267,99.717,0.015,0.0
185_faceplusplus,185,faceplusplus,0.002,0.09,0.002,0.396,81.707,17.801,0.002
186_faceplusplus,186,faceplusplus,0.001,0.031,0.026,1.164,98.367,0.41,0.001
187_faceplusplus,187,faceplusplus,0.003,0.003,4.158,2.54,92.206,1.087,0.003
188_faceplusplus,188,faceplusplus,0.003,0.005,0.1,4.357,95.483,0.036,0.016
189_faceplusplus,189,faceplusplus,0.01,0.023,8.278,7.766,80.778,3.134,0.01
190_faceplusplus,190,faceplusplus,0.133,0.192,28.755,27.86,39.752,3.234,0.075
191_faceplusplus,191,faceplusplus,0.049,0.017,6.073,91.136,2.683,0.026,0.017
192_faceplusplus,192,faceplusplus,0.06,0.038,1.146,91.307,7.326,0.085,0.038
193_faceplusplus,193,faceplusplus,0.035,0.012,0.073,90.389,6.754,2.726,0.012
194_faceplusplus,194,faceplusplus,3.991,0.08,21.519,65.302,6.393,2.636,0.08
195_faceplusplus,195,faceplusplus,0.004,0.055,6.001,93.715,0.034,0.187,0.004
196_faceplusplus,196,faceplusplus,0.282,0.237,5.775,92.552,0.753,0.35,0.052
197_faceplusplus,197,faceplusplus,0.014,0.008,0.016,84.399,0.293,15.262,0.008
198_faceplusplus,198,faceplusplus,0.095,0.006,0.012,99.119,0.651,0.112,0.006
199_faceplusplus,199,faceplusplus,0.775,0.022,0.11,98.845,0.14,0.087,0.022
200_faceplusplus,200,faceplusplus,0.007,0.004,0.093,99.554,0.274,0.064,0.004
201_faceplusplus,201,faceplusplus,0.055,0.02,0.397,46.08,5.198,48.229,0.02
202_faceplusplus,202,faceplusplus,1.217,0.027,2.478,91.618,1.647,2.985,0.027
203_faceplusplus,203,faceplusplus,0.003,0.076,0.057,99.553,0.003,0.305,0.003
204_faceplusplus,204,faceplusplus,0.023,0.003,0.108,99.605,0.22,0.038,0.003
205_faceplusplus,205,faceplusplus,0.002,0.022,0.184,99.682,0.054,0.054,0.002
206_faceplusplus,206,faceplusplus,2.121,0.01,0.434,96.09,0.331,1.004,0.01
207_faceplusplus,207,faceplusplus,0.01,0.014,3.667,95.868,0.283,0.147,0.01
208_faceplusplus,208,faceplusplus,0.038,0.028,13.907,76.061,6.336,3.602,0.028
209_faceplusplus,209,faceplusplus,0.496,0.036,0.055,17.883,0.201,81.319,0.01
210_faceplusplus,210,faceplusplus,0.01,1.042,0.05,42.611,0.698,55.578,0.01
211_faceplusplus,211,faceplusplus,0.077,10.785,1.218,73.323,4.912,9.554,0.13
212_faceplusplus,212,faceplusplus,0.034,15.372,1.883,23.496,0.718,58.464,0.034
213_faceplusplus,213,faceplusplus,0.043,0.843,4.385,87.823,3.68,3.165,0.062
214_faceplusplus,214,faceplusplus,0.08,0.206,14.143,40.951,13.14,31.201,0.279
215_faceplusplus,215,faceplusplus,0.013,0.247,0.082,5.03,74.065,20.549,0.013
216_faceplusplus,216,faceplusplus,0.007,0.008,0.112,1.174,98.267,0.314,0.118
217_faceplusplus,217,faceplusplus,0.008,0.008,0.024,4.535,93.339,1.943,0.144
218_faceplusplus,218,faceplusplus,0.006,0.008,0.021,1.164,92.75,5.945,0.106
219_faceplusplus,219,faceplusplus,0.001,0.001,0.004,0.035,96.968,2.973,0.018
220_faceplusplus,220,faceplusplus,0.0,0.0,0.002,0.14,99.448,0.408,0.001
221_faceplusplus,221,faceplusplus,0.001,0.001,0.003,0.007,99.971,0.012,0.006
222_faceplusplus,222,faceplusplus,0.002,0.002,0.002,0.101,97.961,1.929,0.002
223_faceplusplus,223,faceplusplus,0.003,0.044,0.003,0.059,76.849,23.039,0.003
224_faceplusplus,224,faceplusplus,0.001,0.106,1.9,0.001,93.653,4.338,0.001
225_faceplusplus,225,faceplusplus,0.003,0.162,0.012,0.005,46.144,53.67,0.003
226_faceplusplus,226,faceplusplus,0.0,0.024,0.0,0.0,0.299,99.677,0.0
227_faceplusplus,227,faceplusplus,0.001,0.038,0.124,0.001,7.548,92.287,0.001
228_faceplusplus,228,faceplusplus,0.0,0.012,0.001,0.0,0.016,99.971,0.0
229_faceplusplus,229,faceplusplus,0.0,0.001,0.001,0.0,0.084,99.913,0.0
230_faceplusplus,230,faceplusplus,0.0,0.021,0.077,0.0,0.084,99.817,0.0
231_faceplusplus,231,faceplusplus,0.002,5.755,0.026,0.018,26.322,67.875,0.002
232_faceplusplus,232,faceplusplus,0.0,0.008,0.4,0.0,0.116,99.475,0.0
233_faceplusplus,233,faceplusplus,0.005,0.083,3.751,0.001,0.488,95.671,0.001
234_faceplusplus,234,faceplusplus,0.0,2.645,0.191,0.0,0.155,97.007,0.0
235_faceplusplus,235,faceplusplus,0.0,0.569,0.0,0.0,0.019,99.412,0.0
236_faceplusplus,236,faceplusplus,0.005,0.066,1.121,0.0,0.158,98.649,0.0
237_faceplusplus,237,faceplusplus,0.008,0.089,0.008,0.0,0.051,99.843,0.0
238_faceplusplus,238,faceplusplus,0.0,0.019,0.007,0.0,0.03,99.944,0.0
239_faceplusplus,239,faceplusplus,0.0,0.011,0.001,0.0,0.001,99.986,0.0
240_faceplusplus,240,faceplusplus,0.0,0.006,0.004,0.0,0.33,99.66,0.0
241_faceplusplus,241,faceplusplus,0.001,0.006,0.004,0.0,0.003,99.987,0.0
242_faceplusplus,242,faceplusplus,0.001,0.006,0.001,0.0,0.002,99.99,0.0
243_faceplusplus,243,faceplusplus,0.0,0.013,0.0,0.0,0.001,99.986,0.0
244_faceplusplus,244,faceplusplus,0.0,0.02,0.002,0.0,0.003,99.975,0.0
245_faceplusplus,245,faceplusplus,0.0,0.025,0.0,0.0,0.027,99.948,0.0
246_faceplusplus,246,faceplusplus,0.0,0.212,0.024,0.0,0.003,99.762,0.0
247_faceplusplus,247,faceplusplus,0.0,0.023,0.004,0.0,0.0,99.973,0.0
248_faceplusplus,248,faceplusplus,0.001,0.759,0.0,0.0,0.142,99.098,0.0
249_faceplusplus,249,faceplusplus,0.0,0.01,0.027,0.0,0.001,99.962,0.0
250_faceplusplus,250,faceplusplus,0.0,0.056,0.011,0.0,0.48,99.453,0.0
251_faceplusplus,251,faceplusplus,0.005,0.036,0.416,0.0,0.108,99.434,0.0
252_faceplusplus,252,faceplusplus,0.002,0.668,0.002,0.0,0.005,99.323,0.0
253_faceplusplus,253,faceplusplus,0.001,0.014,0.007,0.0,0.001,99.976,0.0
254_faceplusplus,254,faceplusplus,0.003,0.486,0.283,0.0,0.012,99.214,0.0
255_faceplusplus,255,faceplusplus,1.02,2.742,0.117,0.01,0.523,95.58,0.008
256_faceplusplus,256,faceplusplus,0.0,0.039,0.001,0.0,0.0,99.961,0.0
257_faceplusplus,257,faceplusplus,0.005,0.547,2.235,0.001,0.478,96.733,0.001
258_faceplusplus,258,faceplusplus,0.0,0.192,0.09,0.0,0.056,99.662,0.0
259_faceplusplus,259,faceplusplus,0.002,0.392,0.188,0.0,0.205,99.212,0.0
260_faceplusplus,260,faceplusplus,0.399,26.45,14.327,0.025,45.084,13.695,0.019
261_faceplusplus,261,faceplusplus,0.756,0.026,1.434,0.002,0.305,97.474,0.002
262_faceplusplus,262,faceplusplus,0.037,0.08,41.125,0.003,1.545,57.205,0.003
263_faceplusplus,263,faceplusplus,0.001,0.001,0.003,0.008,7.766,92.22,0.001
264_faceplusplus,264,faceplusplus,0.012,0.056,0.883,0.128,73.123,25.786,0.012
265_faceplusplus,265,faceplusplus,0.002,0.002,0.241,0.005,92.855,6.894,0.002
266_faceplusplus,266,faceplusplus,0.0,0.0,0.017,0.001,99.967,0.015,0.0
267_faceplusplus,267,faceplusplus,0.0,0.0,0.0,0.014,99.78,0.206,0.0
268_faceplusplus,268,faceplusplus,0.0,0.0,0.001,0.003,97.317,2.679,0.0
269_faceplusplus,269,faceplusplus,0.0,0.0,0.0,0.003,99.876,0.12,0.0
270_faceplusplus,270,faceplusplus,0.0,0.0,0.0,0.002,99.941,0.056,0.001
271_faceplusplus,271,faceplusplus,0.0,0.0,0.0,0.001,99.99,0.009,0.0
272_faceplusplus,272,faceplusplus,0.0,0.0,0.0,0.0,99.795,0.204,0.0
273_faceplusplus,273,faceplusplus,0.0,0.0,0.0,0.002,99.208,0.788,0.002
274_faceplusplus,274,faceplusplus,0.0,0.0,0.0,0.0,48.774,51.226,0.0
275_faceplusplus,275,faceplusplus,0.0,0.0,0.0,0.003,82.562,17.432,0.003
276_faceplusplus,276,faceplusplus,0.0,0.0,0.0,0.004,91.649,8.346,0.0
277_faceplusplus,277,faceplusplus,0.0,0.0,0.0,0.001,99.138,0.861,0.0
278_faceplusplus,278,faceplusplus,0.0,0.0,0.0,0.0,99.857,0.142,0.0
279_faceplusplus,279,faceplusplus,0.0,0.0,0.0,0.001,98.756,1.24,0.002
280_faceplusplus,280,faceplusplus,0.0,0.0,0.015,0.068,99.028,0.888,0.0
281_faceplusplus,281,faceplusplus,0.0,0.0,0.0,0.002,99.895,0.103,0.0
282_faceplusplus,282,faceplusplus,0.0,0.0,0.0,0.0,99.999,0.001,0.0
283_faceplusplus,283,faceplusplus,0.001,0.001,0.001,0.018,98.481,1.498,0.001
